2539
611
2169
3450
1392
3430
2371
2508
1576
3665
3465
1255
3488
2809
3620
2464
2497
676
3813
4205
3917
1665
1264
1133
2497
1392
1665
3813
1264
4208
7670
10055
1576
4207
4629
4809
4215
3488
2508
2169
3665
1427
1341
1557
1330
3458
1247
19
1712
1748
19
1701
2249
1752
1703
303
1628
1579
2167
1557
1427
2143
2179
2006
2048
1861
2194
1330
24
2274
1341
1254
2274
2083
2135
27
2143
1861
4727
1748
2153
1701
1628
1579
24
1703
1557
1427
2167
1712
1341
1330
1221
3458
3440
1247
458
1774
1861
354
1748
4727
1752
27
322
1703
1701
1975
1712
1628
1557
1427
1341
1330
1247
1254
3458
2006
1579
303
1701
1579
1557
3640
3642
3663
3583
1330
3739
3377
3320
1247
3280
3283
3242
3805
1341
1254
3458
3440
322
1075
1221
3374
3583
3640
3340
3377
3296
3449
3280
1579
1557
3064
3093
3114
2916
2985
3388
3117
1628
1427
1341
1254
354
1330
1247
3458
1330
3011
3064
2985
3093
2848
2853
2823
3114
2618
2661
1703
1427
458
2777
2581
2586
1221
3458
3440
1247
3374
1075
970
570
2586
2560
2592
1752
1579
1341
244
2365
3379
303
2366
2194
1254
1247
2153
2367
1221
3458
458
3374
1075
1021
4971
2367
2194
2153
2249
2048
2083
244
2274
1748
1752
1774
1341
1330
322
1628
1247
1254
3458
3440
458
5882
5824
3466
2320
1752
1712
2135
1774
1703
1701
1579
1557
8709
9077
7706
9199
6855
9719
1628
1427
1341
1254
10731
3875
2592
2143
3458
1330
8709
9077
1712
1628
1579
6451
6533
6167
9199
5882
5800
5885
5588
5591
5457
16014
16370
16296
3908
1557
1427
2179
1748
1341
5588
5591
5441
5592
5158
5267
1712
1628
4990
4944
4999
4908
4938
4889
1557
1427
22809
22656
3904
2823
1748
1579
1341
556
1557
1410
1414
1407
1425
1401
72
1394
1391
5068
1398
1389
1383
3539
36
280
281
3406
143
282
144
3404
1364
411
1442
1441
1432
1528
1446
1443
1434
145
1425
593
75
4782
1414
592
148
1407
589
1398
4140
1410
1401
598
1389
1391
1472
18
1481
1460
3387
1454
300
1566
1534
1482
1456
623
411
1442
1441
305
1443
1434
1432
307
4140
80
1444
1428
1531
3373
314
162
1509
316
83
1548
3502
1526
1499
163
1473
1478
1472
1481
1460
626
1453
1454
41
325
1482
1456
1548
1545
1539
1536
1534
677
1773
1659
3517
1550
1537
1533
669
512
1526
649
513
3373
1509
650
1482
1494
1481
651
1555
1544
541
535
3502
1533
678
1529
1534
1531
679
3373
178
349
1536
1528
92
350
1494
351
1499
3628
1478
1481
1537
1534
1553
1539
1533
707
1528
1529
360
1526
1531
3373
95
561
1499
1494
693
1555
3502
1509
723
366
688
686
722
1558
3513
1562
723
12051
1555
1553
3514
724
1550
98
1544
1545
1539
193
1546
716
52
1536
1534
3516
1548
1537
535
833
823
2174
72
196
2155
2159
2160
1562
1558
2146
3512
101
3389
1550
1553
1548
1545
3513
1555
1546
53
393
2154
2155
561
2159
2144
2146
2113
2118
2126
1545
2097
2098
1546
1544
2131
1537
1562
1548
1539
53
393
1533
3502
202
788
3517
53
2126
2144
2108
2112
2098
2146
592
2086
2091
2071
2383
393
3513
3512
202
3514
3
396
1558
397
2397
628
827
53
2086
893
310
393
1570
2051
2052
612
887
2054
202
3
396
397
1563
3517
829
2507
1952
1716
1664
627
2108
2091
397
1570
1566
2112
2052
2054
2060
2026
2028
901
2113
2577
1972
3393
1685
1589
892
1563
650
1558
833
651
2080
2051
2052
2650
397
2019
1664
1659
2652
2036
1780
5048
881
1657
677
2021
917
1998
665
2025
1570
845
1582
2052
2026
2028
2019
2112
3628
677
1998
679
2007
1972
939
1983
685
349
2113
1681
5048
1668
892
1685
1667
206
408
2052
1999
2004
1995
1983
782
2054
707
3973
710
3974
1958
1943
1972
1706
1709
1704
206
408
1695
1693
1690
1713
1696
934
933
1959
1960
1956
1983
965
1943
1934
1952
1896
1913
1993
1733
1716
206
408
1709
936
1735
1713
1706
411
412
1913
1914
1891
1933
752
1874
2071
53
1839
1821
1856
1790
1797
1784
408
1729
1720
969
1733
1716
411
412
1709
209
987
206
1833
1866
776
1811
778
1867
397
1788
782
1790
1775
408
1749
4794
3391
988
411
412
978
209
415
1741
798
1811
799
1780
1813
1783
1034
411
1896
1772
1773
412
1010
3394
1764
209
415
1760
808
416
3395
4794
1759
1755
1813
1821
1811
2026
1952
1891
1833
1797
212
1780
1775
3394
1783
3395
1773
4794
1764
823
1784
1772
1760
1759
827
3391
1891
3389
832
1972
1934
1896
216
833
1866
1839
1867
1856
1833
1811
1813
1797
840
1874
1821
1790
1788
1780
1775
1783
1956
1960
1952
845
1934
1935
1933
2261
2097
2014
1971
1943
1914
849
1866
1867
851
1874
1856
1088
113
1833
1082
1813
1960
1958
1943
1952
1115
1934
1935
1933
1896
1913
965
1885
2004
1956
1914
1891
1874
1839
1856
1833
1813
1821
1811
1788
1972
988
872
3973
987
1959
1134
1960
1958
1130
1952
996
61
2113
2007
1971
1956
1943
881
1896
1913
455
1885
1914
1999
1995
1983
887
2014
1993
1169
888
1971
3973
1960
892
3974
232
893
1956
1958
1010
2019
1972
1959
1952
1152
898
2052
2098
2080
2054
1198
898
2030
2028
2025
2036
2026
901
2014
2019
2007
2021
2004
1192
1993
1995
1983
1998
987
1048
2204
2036
14
2051
3441
470
915
2014
2007
917
2019
122
472
2004
473
2021
239
1226
474
1993
1995
1983
1998
240
2097
2086
2098
240
476
3456
2075
477
241
2131
2106
2080
123
930
242
2052
2051
2054
933
934
2028
2030
936
2025
934
936
2131
2155
2144
2132
938
3692
3695
1178
3698
1048
3687
72
3699
2113
939
2108
2118
2112
2106
2091
2097
1268
3705
3687
3689
546
3706
3676
3678
3674
3680
3668
3670
3786
2175
936
2173
938
2160
939
2155
2162
2159
2154
2302
2196
939
3680
1088
3672
143
3705
3664
3660
3667
561
3658
1098
3668
2159
2160
2155
2146
2144
2285
2188
1310
2154
1314
3392
1339
3392
3670
1108
3672
3661
3662
3654
3655
3637
3638
3635
3675
948
949
1328
2154
2146
1326
2132
954
2155
2144
1325
3655
3668
1134
3636
3634
3724
3622
3624
948
2162
949
3615
3626
2159
2160
2155
2146
2144
2154
954
246
2126
2131
2118
948
3634
3635
3643
2196
949
3624
3625
2199
2188
2185
3615
3617
1169
4082
1389
3645
1383
954
2204
3646
5068
246
2174
1407
949
1184
3636
3632
3622
3624
2278
2270
2261
3617
1659
3626
2246
2248
1401
2285
954
2243
246
2204
2205
2199
127
3638
3387
3626
2306
949
3617
3619
2302
2305
1432
314
3612
2285
2295
1428
954
2319
2296
1434
246
2261
2270
4782
127
3624
1693
2296
2285
3789
3607
3608
3442
3609
3601
3603
3612
127
2302
2278
495
2270
2261
2342
2305
962
1453
3415
1444
3615
3607
2350
1473
495
3617
3595
3600
3601
2342
3587
2343
2338
962
2370
2352
2344
2336
3415
2319
965
2306
2305
251
3607
962
3591
1720
2383
2356
2344
2336
3415
1713
3581
3584
3573
3576
2319
965
2305
2306
2302
251
2295
969
2326
2296
3578
3582
3570
3573
3563
3557
3558
3548
3559
665
1410
3584
962
2449
2404
2381
1526
3415
965
2356
2364
1314
251
2352
3579
4794
3559
1320
3560
1764
1783
678
3615
3547
3548
3628
1331
3554
1546
2381
965
2383
2370
2386
251
969
1548
499
3559
3546
3547
1347
3560
3532
3534
3536
2386
2381
3513
1790
3660
251
969
2397
2370
3514
499
2364
2356
2352
2355
1410
3405
3548
3538
3543
3570
3528
3530
3525
3532
1375
3627
1784
3534
2456
2414
2408
2404
499
2383
1589
2386
2381
2370
1425
3545
710
3537
360
3546
1811
3528
3526
3530
1401
3522
3521
3547
499
2461
2451
2470
2456
2449
2417
2419
2416
2728
978
3543
3545
3546
722
1913
366
3921
3526
3527
3528
1425
3521
3530
499
2543
2542
2550
2531
2529
2520
2518
978
2798
6378
12051
3537
3527
3528
1454
3538
1442
3521
1444
3627
1446
1553
3579
2557
2551
978
2811
2681
2607
2578
2559
1709
1696
2521
3508
3505
3506
2578
2577
3534
3491
3492
3493
2813
2721
2617
978
1693
1526
1472
52
3472
3495
2559
2557
2550
2551
2543
2813
2720
2615
978
2568
1744
1709
3471
3472
3467
3489
101
3463
1494
3460
2550
2551
2543
1537
2542
1536
2529
2531
2521
3501
3486
2821
2730
2644
2601
2591
3393
1741
3474
3570
3467
3459
3437
3468
2565
2563
2568
2559
1562
2551
2550
3512
2577
779
3543
3502
3504
1533
3505
782
3495
3506
1539
3491
3492
1544
3974
4962
2608
2609
2607
2615
2601
1759
2596
1755
2617
1558
3505
3492
3493
1562
3522
3513
3486
408
3517
798
3474
3489
1780
2695
2649
1783
987
988
2617
256
2619
2615
991
2680
3489
3472
3470
3491
1582
1972
1584
3467
3463
2731
2712
2654
987
988
2650
2649
2652
256
991
6378
2643
993
2733
3474
3468
3478
3463
988
3437
3438
3433
3446
3420
3421
3411
2728
2727
256
2730
2726
991
2719
2720
993
1867
2731
2721
3436
58
1999
256
2740
2731
991
3418
3409
3419
216
3400
1720
3503
2727
2728
993
2721
2798
2743
2730
2726
1867
2695
3418
3407
3419
2030
2036
3463
3364
3369
2026
3375
3357
3358
845
996
2740
1896
998
2743
2739
512
1891
2731
513
2728
998
3358
3360
3350
3396
2786
2775
512
3341
113
3346
3335
3336
3397
2759
2764
513
2745
2787
2773
2752
514
2733
2739
3341
3346
1696
3336
2798
2800
513
3321
2793
1704
3304
3322
2807
2803
2796
514
2786
2785
2773
2787
2775
3393
2752
2759
1960
514
3331
3339
1720
3326
3322
3308
3313
2060
3314
3511
2805
2806
2804
2800
2807
2803
1956
2793
2796
2790
2868
2821
3321
3305
2813
2811
3341
1749
3294
2814
2810
2807
3391
892
232
2804
2805
2803
1010
2884
2843
2815
2806
2800
1790
2786
3308
2843
2828
2826
2097
3313
3287
3288
1773
3289
3284
3314
2815
2819
2814
2896
2858
1010
2821
2813
2025
2004
2807
1811
3286
4082
2852
2843
2838
2106
3263
1797
3265
2108
2113
122
3269
2828
2826
2912
2879
1010
2835
2821
2036
2811
2812
1839
3288
123
2873
2881
2874
2868
1821
3276
3265
3279
241
3260
3323
2857
2858
2855
1010
2957
2892
2882
2864
2091
2075
2054
3448
3260
3263
2882
2883
2881
2162
4639
3256
1010
2901
2891
4233
2880
2112
3247
3243
3257
2864
2868
1891
2857
2873
2858
2896
2175
3263
3265
1866
1934
3645
3269
3247
3253
1874
2173
1933
3273
2890
2891
1914
2888
2892
2889
2106
2884
2885
521
2922
2159
962
3244
3308
1896
3237
3239
3025
2961
2951
2931
1010
1943
2897
2899
2896
2901
2895
2893
2890
2891
521
263
2955
2174
499
4639
1914
3253
3244
3245
3125
3239
3112
3576
2936
2939
2935
2947
2934
2931
2912
521
2950
2922
263
522
3024
3020
1998
1943
1010
2241
3285
3112
3066
3025
3017
2204
3243
3125
991
3244
3001
3003
2995
2994
2990
2974
2980
521
3244
998
3237
2261
3025
3029
2007
513
3023
3973
2246
3247
3041
3024
3020
3014
3016
521
3053
3017
263
522
3003
523
3239
3400
3058
3053
2270
3076
3077
3083
3024
3054
3055
3041
3084
3025
521
263
3088
3029
2030
522
3017
523
3014
3020
2004
2305
522
523
3112
2296
2007
3088
3090
3084
524
3113
3092
3083
2295
3066
2014
3055
3076
3058
3054
2306
3041
2054
2086
3247
2336
3314
2019
3260
3249
526
1027
2021
2319
3243
3239
2025
3125
2026
3244
3237
3120
2028
3112
3113
2030
3092
14932
14241
14941
2342
15603
2343
2030
13475
13849
13468
13469
13407
14977
3237
3239
2344
530
3120
1034
3257
3125
2345
2036
3112
3265
13877
13878
2025
13469
13470
3058
13471
13406
13407
13475
3260
2026
3257
3263
3259
2028
2370
4639
2030
3253
3249
3247
530
2108
13475
13469
13878
2112
13406
13401
13407
3076
17682
530
1076
1034
3282
3273
2404
2036
3259
3260
3257
3253
3263
3256
2386
530
1088
1034
3326
3302
3289
3288
2036
13330
13331
13328
17682
13347
3284
2414
3285
3282
2416
3279
3448
2417
3286
532
2411
13420
13468
2160
13405
2162
13469
17682
13347
3112
3305
13470
3308
2447
3302
3313
3304
3299
3294
3290
3314
532
2449
1039
3287
3350
3339
3249
3302
1107
17767
13401
13405
13406
13330
13331
13328
13407
3331
3335
2470
3355
3336
532
1039
3325
3323
3326
3322
13328
13329
3253
13399
13231
13233
13218
13234
2241
3260
14827
532
3364
3355
2493
1039
3339
3341
3336
3335
2051
2488
2342
18984
2521
1039
13329
13230
13231
2261
13470
12892
12901
3263
13065
12877
13218
3369
3364
3361
3375
3363
3360
2051
2721
2609
19351
19350
3279
13311
2285
13229
12901
13327
12881
12883
12891
3421
3420
2295
13328
3418
3431
3419
3411
2051
2345
19893
19889
4931
4175
3710
13218
12891
12892
3289
14241
3470
3282
3471
3468
3285
12704
12827
3491
3472
532
1039
3463
3462
3460
2051
20189
4964
3766
2052
13230
12883
12891
13231
2338
3492
3491
12827
2342
1169
20866
3493
3489
3486
2051
2800
2404
20871
20870
4240
3876
3624
3554
3520
2559
12883
1178
13331
532
12824
3545
3530
3525
1039
3521
3520
3627
3508
2051
21546
21524
6378
2414
4260
3657
3587
3546
3522
2381
12901
2383
13234
1192
12877
3547
3557
3548
3546
12705
2051
3543
2456
2052
22426
22425
5116
4300
3946
3692
3615
3578
3558
12881
12824
2051
2720
2476
12228
12229
12230
2414
12198
2416
2052
23038
23037
5160
4315
3971
3718
3639
3607
3582
3569
2551
2449
12057
12060
12229
2051
11944
11946
11895
12028
11892
11893
2578
2488
23469
23466
5170
4315
4043
3745
3662
2052
3607
2800
2743
2474
1226
12060
3364
12827
11946
12028
2461
2733
2051
11894
3355
2052
24535
24534
5291
4318
4018
3785
3672
3638
3624
2773
2601
2512
3656
12227
3400
12705
12057
3660
3657
3655
12060
11944
2051
2551
25001
5456
4371
4082
2052
3720
3681
3661
3654
2793
2759
1044
2056
1045
2057
2059
3671
1047
2061
138
2062
2064
272
2065
1050
2067
3666
2068
1051
2069
1052
2072
2763
1053
1054
2074
3690
2794
2077
274
1057
2081
2084
1058
2085
3702
3691
35
542
2087
2088
1060
543
1061
2092
1062
2093
3685
2791
275
275
1063
1064
2096
276
2101
2102
3713
2816
1067
2103
2104
277
3707
1069
2107
548
1070
2110
3709
73
1071
2111
1072
2111
1072
1073
3729
3728
2115
3756
3744
3734
3730
2851
278
2120
2121
1077
3721
551
2123
2124
2837
552
3722
279
2127
3746
279
2127
3744
3743
1080
3740
554
2138
2859
555
2140
3737
1085
2141
2142
3738
1087
2145
3734
3732
557
2860
2150
2164
3753
3752
3754
1097
3758
2170
2664
284
1100
3746
1101
2176
1102
3747
74
285
1103
2180
3743
286
565
3761
3748
3793
3781
2924
2182
2183
2184
2186
3371
3767
567
2190
2191
1109
3768
3765
568
2193
569
2195
146
288
2197
1112
2198
571
1114
2206
1116
2207
3791
572
1117
1118
573
2238
2239
2928
147
3792
1121
1122
2245
575
1123
2923
1124
3776
2924
3803
2264
2737
3802
579
2268
2269
3809
580
2272
2273
3800
3798
2953
3880
149
1136
2279
2945
582
1137
77
3791
1138
1137
77
1138
583
1140
2286
2287
2966
1141
2288
2289
2291
3811
585
2292
2293
2967
296
1144
1147
2298
1148
587
2300
2303
1150
2304
590
2308
2309
3880
1153
298
3886
3882
3881
2996
2312
2313
2315
2317
2988
299
2318
2986
2323
1160
595
3009
2323
1160
3897
595
2325
1161
3013
3008
2330
1164
2334
2335
3004
1166
2337
3021
1167
3031
2341
3979
3925
3906
3050
3079
600
2346
1171
2347
3907
3906
2349
3022
602
3902
2354
603
304
3909
3900
604
2361
1180
605
2363
3897
1181
606
2372
2373
3048
2374
3919
608
79
2376
2377
1188
157
609
2380
1190
2382
3911
39
610
1191
2385
3909
2387
2389
1194
309
2399
2400
3382
2401
3078
2403
3074
3963
2406
1202
3929
3384
2409
1204
2410
2412
160
3385
1206
2415
1207
2418
2420
2421
312
2423
3978
3970
1211
2425
2426
1212
2427
2429
2430
1214
2431
3963
81
161
2436
2437
3979
1218
3096
616
2442
2442
315
1220
617
2445
1222
2446
1223
2448
4005
619
2453
2455
4011
620
1227
2459
1228
2460
13343
3989
2462
1230
2463
2463
3255
2465
317
2467
1232
2468
318
2469
4060
2471
624
2472
2473
1236
2477
2478
2479
2480
4052
2481
1238
2482
2483
2482
2483
1239
2484
164
1240
1241
4078
2490
1242
2491
629
1243
2494
321
2495
84
3454
4070
2503
632
4073
165
3457
165
3457
2509
633
2511
2514
323
3494
2515
2517
4092
324
3453
636
4096
4091
2523
2524
2525
1250
2526
2527
4088
637
4116
637
1251
4117
1253
2530
2532
2533
2534
639
2535
2537
3312
167
4118
3316
1258
2541
2544
4111
4110
1260
2546
326
1270
2564
3334
2567
1273
2571
2572
87
1274
2573
330
4117
4116
1275
1277
2579
4118
652
2580
653
2582
2584
2585
2588
332
1286
2593
2594
10
1287
2595
657
3354
3366
1290
2602
1291
2603
4267
4200
4150
658
3403
5
42
2606
659
2610
4173
3499
5
42
2606
659
2610
2611
2612
2613
4163
660
1296
1297
661
1299
2620
336
1300
1301
2624
2625
4153
4150
2628
4194
2629
2630
3424
2633
2634
2635
1307
2636
173
2637
2638
2639
2640
339
2641
1311
2642
1312
2645
2646
4172
90
1312
2645
2646
90
1313
174
1317
3451
2655
2656
1319
2657
2658
2663
1322
2664
3266
4200
3464
2667
1324
2671
1327
4193
4259
4224
4223
2667
1324
3485
2671
1327
2674
3477
2676
1329
2678
2679
2682
2684
2685
176
1332
2686
2687
177
2688
2689
2689
1335
2693
345
2694
4236
1338
4247
2700
2701
2702
2704
2705
2706
681
1342
2707
347
2709
4226
2710
682
2711
1345
1346
2715
348
684
4248
3529
1348
2718
1349
3535
1350
2724
3337
1351
2725
179
4274
4247
11
2734
2735
2736
2737
1357
1363
2748
2749
4266
3549
180
692
2753
1366
2754
2757
2758
4264
694
2760
2761
1367
2762
4259
2763
4265
3550
1370
1371
2781
4279
2782
1374
2783
2784
356
699
2788
1377
2789
4280
4276
700
1378
2791
1379
2792
2794
4273
357
702
2799
3575
4301
2799
3593
4333
704
1385
1386
706
1387
2808
1390
709
2816
1393
2818
184
2820
22
711
2822
2824
4280
712
2827
1393
2818
184
2820
22
711
2822
2824
712
2827
361
2830
713
2831
2832
2833
3479
2836
4328
715
2837
362
1404
2839
4335
1406
717
2847
4336
4333
1408
2849
2850
718
1409
2851
96
4337
4332
4331
719
2856
1413
2859
4328
2860
2863
4329
2851
96
719
2856
1413
2859
4347
4346
2860
4343
4344
2863
2865
4626
3685
2866
1418
2869
4357
2871
3531
2872
4333
2875
2872
4360
2875
2876
2877
1423
4357
726
4363
4358
51
2886
728
3598
189
369
1429
1430
1431
2898
3552
3949
3696
370
2904
2905
1435
2906
1437
2910
1438
2911
2913
734
1439
2914
371
2915
3719
2917
2918
191
2920
2921
2923
2924
2925
1445
3747
2928
4393
2929
2930
1448
2932
3744
3602
1449
1450
2937
740
1451
2938
375
2940
741
2942
2943
2944
2945
1455
2946
2954
2956
745
746
2960
3765
1464
2962
747
1465
4579
2966
378
1466
2967
4441
4463
4613
1469
2972
1470
2973
749
1471
754
1480
383
2996
2998
4591
3796
195
1483
2999
4582
1484
3000
3004
4579
3005
4580
3781
1487
3008
758
3009
4576
386
3013
4603
759
1491
197
3019
3021
1495
3022
3026
762
3027
763
1498
3030
3031
3032
764
3033
3034
3802
1501
3035
3036
3032
764
3033
3034
3880
1501
3035
3036
765
3037
3038
4619
389
1504
3039
1505
3040
1506
4617
390
3043
198
3881
1507
3907
1507
3046
1508
3048
3050
12
3051
6
769
3056
3912
1513
4641
770
1514
4673
4654
771
199
1516
102
3902
3065
772
1519
1520
773
3070
3071
1521
3072
3073
1522
3074
774
1523
3075
775
3078
3079
4657
200
394
1525
3080
4653
3081
394
1525
3080
4679
3081
3085
3086
103
777
3091
1530
3798
3096
3097
4673
3099
3100
4674
4672
1532
4079
781
3110
1535
401
3128
3129
4852
4801
786
3130
3131
3132
104
1547
3238
3241
1549
205
789
404
3248
4036
3250
1554
791
3254
3255
3258
3261
1559
3262
1560
3266
4719
4717
1561
4070
3271
3272
3274
207
3275
4714
3277
3515
3278
3281
1564
3631
56
409
1568
3291
3292
208
800
1569
3293
4096
801
3297
1572
3298
4786
4781
4780
802
3301
3303
1575
3306
3307
4730
1577
3309
3317
3318
3319
807
3329
4790
3328
1586
3324
107
1587
1588
4968
3332
417
3334
4783
4969
3337
4970
4784
57
1593
3342
4808
4969
3337
4970
57
1593
3342
3343
3345
813
4807
418
1597
3348
3351
1598
3352
3353
814
1599
3354
1600
3356
419
4050
1603
3362
4872
4854
1604
1844
4049
3365
3366
3367
818
1606
421
1607
1608
3376
3378
819
1609
3390
1610
213
423
3403
4842
28
424
3412
4841
3413
1618
109
3424
3425
4851
4845
4200
425
214
1621
1622
1623
1624
4838
110
3435
1626
110
3435
1626
427
3439
3443
13
3444
3445
3447
3644
3451
1629
1630
428
1631
3464
429
4867
1634
3469
1635
1636
3473
1638
3477
430
3479
3480
431
217
3482
4243
836
3483
1642
3485
4882
837
1643
3487
4108
3490
838
1646
839
3497
3498
3499
3500
1650
4903
4266
841
1652
842
1653
434
3518
4897
843
3519
4900
4893
844
3524
846
3529
4269
1661
3531
59
3541
4917
437
1666
3542
3544
438
1669
3549
1670
3550
3551
1671
3552
1672
3553
852
1673
3555
853
439
1675
1676
3562
856
3571
3572
3574
441
857
1683
3575
1684
3577
858
3580
4932
1686
859
3585
1688
3586
860
1689
4933
3590
4929
3592
4946
1694
863
3599
3602
446
864
1697
1698
3606
4343
865
1699
3610
447
866
225
3613
1702
4973
867
3616
3618
115
3616
3618
115
4977
3623
448
1707
3633
1710
871
3641
873
3648
1715
3649
3653
4956
1717
1718
4957
228
451
1721
4958
228
451
1721
1722
3666
877
1723
4334
3671
4987
878
3673
4267
880
1728
3679
5051
5005
1730
3682
1731
3685
1732
3686
3682
4463
1731
3685
1732
3686
3688
3690
3691
1736
5004
3696
1737
5005
1738
1740
3702
886
3704
4613
1743
3707
3709
1746
4580
3709
1746
3713
1747
231
889
3717
3719
3721
890
1750
3722
1751
3723
459
891
3725
3728
62
3729
3730
3731
5053
3744
896
3746
3747
1762
3748
462
897
1763
3752
3753
3754
1765
3756
5110
3757
899
3758
5102
3761
900
234
3764
5086
899
3758
5164
5162
3761
5161
900
234
3764
5187
3765
3767
1771
3768
903
3769
3771
465
904
3773
3775
3776
905
3777
904
3773
3775
3776
5212
905
3777
120
466
3781
4654
1776
3782
1777
907
3784
5191
1778
467
908
5192
236
3790
3791
236
3790
3791
3792
3793
1782
3794
5409
3796
3798
1786
911
3800
1787
3802
3803
237
3809
4679
4577
3811
5410
4730
914
3809
3811
5635
5578
4801
914
1793
1794
3817
471
916
1799
1800
3880
3881
4703
3882
3883
3884
3885
3886
5419
919
3888
921
1808
5597
3897
4714
3900
3902
475
923
3906
924
1814
3907
3909
3911
925
3912
926
3913
5581
5580
1820
3915
3918
3925
1826
4640
1827
3929
4631
4632
1829
1830
138
4790
4626
932
1832
5635
1834
1837
935
1838
4618
4617
5597
4619
937
937
483
1841
243
4657
5823
5809
4818
1843
3963
1844
272
4617
5804
484
3970
1848
941
1849
3978
3979
485
1851
3982
941
1849
3978
3979
485
1851
5858
3982
942
1852
1853
4631
4632
3989
4626
944
13343
31
1859
6129
5934
5859
4851
487
487
947
4587
1061
4641
2092
1864
5938
4640
4005
5934
5935
5933
4011
245
1868
5980
5937
4857
4632
489
1872
5931
953
2102
4011
245
1868
4657
4664
489
4617
2104
4653
4654
4673
1872
6129
953
4022
1875
4882
126
1877
4640
956
4641
2111
17178
6442
953
4022
4674
4673
4672
1875
4904
126
1877
6291
956
4664
4660
4668
4036
6338
957
1883
958
1884
4704
4042
1889
4050
961
4052
4669
1080
4700
1893
1894
4060
6846
6586
6536
4927
248
963
128
3416
4068
4869
1899
4070
966
4073
4946
966
4073
1902
6848
967
1903
4078
4079
6741
1904
968
4087
4088
1908
4089
6586
4091
15
4092
498
971
6566
4096
4091
15
4092
7445
7229
498
971
4096
4097
4101
6857
973
1915
4102
1916
6853
1917
4108
4110
1918
4111
4112
500
975
4112
7610
7607
500
975
4113
501
5010
1921
4116
4117
1922
4118
977
1923
4120
1924
1925
1926
7819
7546
5004
129
502
1928
5049
980
981
4136
7705
503
1931
4137
565
5039
982
4143
4997
504
4145
4146
1936
4147
984
1937
4150
505
1939
1931
4137
982
4143
504
4145
4146
1936
4147
984
1937
4150
505
1939
1940
4153
4155
7963
130
1942
4808
4807
4163
1947
4155
130
1942
4831
2200
4163
1947
4169
2206
507
989
1
4172
4173
4
1950
1951
4179
5192
5167
1953
33
1955
994
573
4840
2239
4179
1953
33
1955
994
1957
19412
995
4192
9137
8882
4857
4193
4194
1962
4200
511
1963
1965
1966
1967
1965
4864
2252
9253
1966
1967
1000
4214
1970
2257
9139
9291
4223
4224
9138
4226
515
1004
4227
8965
1005
1978
4236
1006
4227
9710
9709
1005
2268
1978
4236
1006
4239
516
4242
9711
9607
69
1007
4243
1982
1008
4247
4248
1984
4249
9291
517
9976
4256
133
1988
1011
4259
4915
4917
4919
583
1990
1012
1991
4264
1992
4265
5799
4266
4267
520
1014
4269
1996
4273
1014
4269
2291
1996
4273
9893
4274
1015
1997
4276
1016
4279
2000
4280
4291
1017
2001
1018
4601
4299
4301
4302
2008
4308
4308
4958
1150
2009
4310
264
1022
4313
9988
9986
5980
1023
2013
70
9983
9979
2016
4324
4328
4329
4330
10024
9989
4331
6291
4329
4330
20876
10033
4331
4332
4333
4334
4335
4336
2022
4337
2023
4341
10024
527
2024
4343
4344
1030
4346
4347
5934
4335
4336
10132
2022
4337
2330
2023
4341
5050
527
2024
4343
4344
1030
4346
4347
10135
6168
1031
2027
10063
4353
2031
4357
2024
4343
4344
1030
4346
4347
1031
2027
4353
2031
4357
267
2032
4358
4360
4363
2037
10360
2038
4368
531
10336
1037
2042
1037
2042
1038
2043
2044
4382
533
1040
5191
2049
1041
2050
4391
4393
11384
4396
10624
10507
7607
16
2053
2055
4404
1046
271
2063
6567
6847
2066
2070
539
2073
2076
4574
4578
4584
2089
2090
2094
545
2099
4607
140
2100
4609
1068
2105
2109
4634
4637
549
2114
2116
550
1074
141
2119
2122
2125
1079
2128
1081
2133
2134
2136
2137
1084
2147
2148
2149
1090
2152
4340
2161
283
1096
2165
2166
2168
6847
1099
562
2171
2172
6567
563
2178
17
1104
4774
2181
4775
6854
566
1106
2187
2187
2189
287
2192
37
4815
2203
4826
289
2208
2209
1120
2240
4847
574
4849
2250
291
1125
1127
2262
1131
2263
76
2265
4894
4898
11458
2275
294
581
1135
2277
2280
2281
4918
2283
295
4923
1142
2290
1143
586
2294
2297
2299
2301
4959
2310
4980
11510
38
151
1154
1155
2314
1156
2316
1157
1159
11458
152
1163
5045
301
2333
1165
5056
78
153
302
1170
1174
1175
1176
2357
155
2358
5204
2359
2360
2362
1182
607
1186
306
1187
2375
5459
5460
2384
1193
2388
308
1195
2391
2391
1196
1197
2398
1199
1200
2402
3383
1201
2407
1203
1205
2413
1208
1210
2422
2424
6102
6166
1213
2432
614
1215
2433
2435
2439
2440
2441
2443
6567
2452
6847
2457
2458
6854
621
1229
622
2466
12888
12887
7869
7654
7604
40
1234
319
2475
7869
320
2485
1244
630
2499
2500
3455
2501
2502
2504
634
2519
20
86
2522
2528
638
1257
2538
640
2540
641
2545
641
2545
2547
12887
1265
2558
2561
12888
1271
169
1272
2570
2574
1276
1279
1281
654
2587
2589
1288
88
334
2599
1292
2614
2616
1298
662
2621
2622
2623
663
1302
337
664
2631
1305
2632
338
666
667
2647
2648
2651
1318
2660
672
2662
2662
673
2665
13408
2668
175
674
2670
343
2673
2675
2677
344
1333
44
1336
2696
1337
2697
2698
2699
346
680
1340
2699
346
680
1340
2703
1343
2708
2716
2717
14458
2722
1352
1355
1356
2738
1359
2742
1360
352
2751
353
2755
2756
695
2755
2756
695
1368
181
2771
696
1369
94
1373
2780
45
1376
1380
2795
1381
2797
14458
183
358
2801
2802
359
1395
1396
1397
2825
1399
2829
1400
714
1402
1403
1405
2842
363
2846
364
1411
1412
187
720
50
1415
2862
1416
15496
1417
1420
1421
1422
367
1424
368
188
727
97
2900
731
732
1436
733
2909
190
1440
736
737
2927
1447
374
739
2933
2927
1447
374
739
2933
1452
2941
742
376
377
1461
1462
99
1463
2963
748
1467
380
2970
2971
15752
2976
381
2979
2997
384
3002
1486
757
3007
3010
1490
3012
3015
1492
387
3018
1496
1497
388
3028
1500
3042
3044
3045
3047
3049
1510
3052
3057
3059
1517
392
3063
16368
1518
3067
3082
3372
3089
3094
3095
3098
780
3102
3104
3109
3111
1538
3119
16510
3126
3127
403
1552
3251
406
3264
794
3268
105
407
3270
796
3417
1565
1571
106
1573
3300
803
1574
804
805
1578
3310
805
1578
3310
414
806
1581
1583
1585
210
809
3327
3333
1590
1592
1594
211
812
3344
3359
420
817
1605
3368
1611
817
1605
3368
1611
3401
1614
3408
1616
1617
3423
826
3428
3429
426
1625
1627
1632
1633
1639
1640
3481
432
3496
1648
3496
1648
1649
111
433
1654
1655
1656
3523
112
219
1658
1660
220
436
3533
850
221
1674
854
222
1678
855
1679
222
1678
855
1679
223
1687
444
861
1692
445
3597
3605
3611
868
1705
869
449
1708
1711
450
1714
874
875
876
1725
453
879
3677
454
882
3693
3694
884
3697
456
885
1739
3701
117
3708
3727
3736
1757
119
233
895
1758
3751
1758
3751
463
1766
3759
1767
3760
1768
3762
464
1769
1770
3770
3774
3778
906
3779
3780
3783
3788
909
1781
910
3795
1791
1792
1795
1798
19137
1801
1802
1803
1806
1337
1807
3895
1809
922
1810
1815
1816
3923
929
478
15716
1831
19104
480
15826
482
1842
3962
1845
1847
1850
943
1854
1855
486
1858
945
1860
1862
1863
488
950
951
952
1870
491
1873
955
491
1873
955
1878
1879
1881
1882
494
247
66
3414
1892
1895
249
67
1898
1900
32
1901
4080
1905
1906
1907
4085
4085
1909
1910
1911
4094
972
1912
252
974
1919
976
1920
253
979
4127
1929
1930
985
4152
1941
986
506
1944
1945
1948
1949
4178
68
1954
131
4184
15826
1961
997
258
1964
999
1968
1969
1001
1002
259
1003
1973
1976
260
1977
4234
1980
1981
1009
4250
1986
4252
1987
518
4257
1989
519
262
4275
4292
2002
4294
1020
4312
2011
4314
265
4317
525
1025
525
1025
2017
1026
2018
2020
1028
1029
266
529
2029
1033
2033
2034
1036
2039
2040
2041
268
2045
2047
1042
3422
4395
4397
137
270
534
1043
2058
536
537
139
273
2078
2095
1066
547
4636
2117
1078
142
1083
2139
1086
1089
2158
2177
1111
2237
2247
2251
1126
2254
1132
2266
2276
2282
2284
584
297
591
2311
1158
2321
2324
2327
2328
596
1162
2329
2331
597
5054
2339
599
1168
2340
601
2353
156
2378
2379
2405
3386
2428
2434
1217
2438
2444
2454
1231
1233
625
2487
2492
166
635
2548
643
2552
329
2569
2575
2576
1283
655
171
1289
2598
172
335
43
341
671
2666
342
2669
91
2672
2690
2692
1344
2723
1353
2729
1354
1362
2750
1365
93
2772
697
182
16720
2817
365
2861
730
1433
735
373
2919
1457
2969
1474
2982
1476
1477
1485
1488
1493
1502
766
768
1512
3068
1524
395
1527
204
784
1540
402
1551
795
797
1567
108
822
1615
1619
215
828
1641
1644
1645
1647
218
1651
1662
443
60
114
224
227
870
1719
29
116
229
1726
1727
230
883
1734
457
1745
1753
1754
461
30
121
468
63
469
912
64
238
918
1804
1817
1825
1828
931
479
1836
1840
124
1846
940
65
1865
1871
493
959
1890
964
1897
496
4086
497
254
1932
983
255
508
992
509
510
8
257
4191
132
1974
1013
1994
134
2003
1019
2005
2010
2012
135
1024
2015
528
136
1032
34
71
1049
4638
553
9
1105
1110
290
150
2683
21
185
186
1426
2894
192
744
2977
2978
785
1591
1595
1596
435
1700
235
1812
125
1869
990
261
631
340
750
755
756
3060
3062
1779
760
4400
4401
4402
4403
4405
4406
4407
4408
4409
4410
4411
4412
4413
4414
4415
4417
4418
4420
4421
4422
4423
4424
4425
4426
4427
4428
4429
4430
4431
4432
4433
4434
4435
4438
4439
4691
4693
4694
4695
4696
4697
4731
4732
4733
4734
4735
4736
4737
4738
4739
4740
4741
4742
4743
4744
4745
4746
4747
4748
4749
4750
4751
4752
4753
4754
4755
4756
4757
4758
4759
4760
4761
4762
4763
4764
4765
4766
4767
4768
4769
4770
4771
4772
4773
5197
11565
13502
13503
13576
13577
13578
13579
19890
3061
3426
3427
3879
3891
3933
3934
3935
3936
3937
3938
3939
3940
3941
3950
3951
3952
3953
3954
3955
3956
3957
3958
3959
3977
3980
3981
3983
3984
3985
3986
3987
3988
3990
3991
3992
3993
3994
3995
3995
3996
3998
3999
4000
4001
4003
4004
4006
4007
4008
4009
4010
4012
4013
4014
4015
4016
4019
4021
4020
4023
4024
4025
4026
4027
4028
4029
4030
4031
4032
4033
4034
4035
4037
4038
4039
4040
4062
4065
4066
4067
4157
4159
4170
4174
4176
4177